0 42155.3105395 1.27944612503 0.975274205208 42138.5739421 718.950810861 945.46419199 42138.7348598 709.456523191 945.464191754 -0.0176271740347 -0.0127944108099 0.999762773514 1.27948081493 1.05876874924 0.0 199806040830
0 42156.6193781 1.26431357861 0.98572653532 42140.2902711 726.512882187 921.234112206 42140.3190735 724.840316956 921.234112163 -0.0176267381757 -0.0127942468971 0.999762773514 1.26435291767 1.07960963249 0.0 199806040930
0 42157.5590347 1.22388601303 0.990378320217 42141.9473671 729.798045156 885.127497513 42141.9063644 732.161905755 885.12749757 -0.0176266878843 -0.0127942366526 0.999762773514 1.22392678261 1.08980059624 0.0 199806041000
0 42158.6566127 1.16291213036 0.994370520115 42144.0359677 732.555350847 834.219637745 42144.6515207 696.242188817 834.219636868 -0.017626632005 -0.0127942012623 0.999762773514 1.16293156147 1.04137527943 0.0 199806041030
0 42159.9065162 1.08150959015 0.997609257698 42146.4962238 734.724174344 768.605165656 42147.0544284 701.973333025 768.605164899 -0.0176319275051 -0.0127881104127 0.999762773514 1.08152985573 1.04964447021 0.0 199806041100
0 42161.2745367 0.981485724449 0.999939918518 42149.2029653 736.199970529 689.760503158 42149.7135532 706.362791346 689.760502509 -0.0176321770996 -0.0127878924832 0.999762773514 0.981505870819 1.05642175674 0.0 199806041130
0 42162.7324701 0.864493906498 1.00128269196 42152.0361787 736.934774527 598.984534546 42152.4458649 713.116032611 598.984534069 -0.0176326334476 -0.0127871353179 0.999762773514 0.8645144701 1.06643044949 0.0 199806041200
0 42164.2474937 0.732673883438 1.00160002708 42154.866709 736.912151695 497.935677923 42155.2197331 716.432848383 497.935677554 -0.0176329985261 -0.0127865700051 0.999762773514 0.732693016529 1.07185912132 0.0 199806041230
0 42165.7880245 0.588224351406 1.0009021759 42157.573312 736.150813002 388.296468218 42157.8540696 719.892927439 388.296467962 -0.0176333133131 -0.0127861415967 0.999762773514 0.588241517544 1.07754921913 0.0 199806041300
0 42167.3092134 0.434907883406 0.999259710312 42160.0247101 734.712952305 272.909548326 42160.9580759 679.044035712 272.909547592 -0.0176341068 -0.0127850817516 0.999762773514 0.434913724661 1.02305781841 0.0 199806041330
0 42168.8036756 0.272893935442 0.996737658978 42162.1648442 732.656088998 151.901737687 42163.0044465 682.631189499 151.901737165 -0.0176344253123 -0.0127846887335 0.999762773514 0.272899180651 1.02897751331 0.0 199806041400
0 42170.2288961 0.106177538633 0.993472874165 42163.8989845 730.088017542 28.2675613414 42164.6347589 686.281090427 28.2675610114 -0.0176346730441 -0.0127844261006 0.999762773514 0.106181226671 1.03497552872 0.0 199806041430
0 42171.444869 -0.0631884485483 0.990317285061 42165.0563784 727.650762228 -96.4744147947 42165.7102437 688.719584304 -96.4744149698 -0.0176449082792 -0.0127717554569 0.999762773514 -0.0631873160601 1.03928399086 0.0 199806041500
0 42172.6526754 -0.23068189621 0.986080765724 42165.861259 724.451354555 -218.970779811 42166.3943604 692.728024117 -218.970779854 -0.0176449529827 -0.0127715859562 0.999762773514 -0.23068434 1.04569029808 0.0 199806041530
0 42173.7145641 -0.393021583557 0.981629669666 42166.2032419 721.136956181 -336.846822046 42167.260091 656.437937167 -336.846821932 -0.0176452770829 -0.012771256268 0.999762773514 -0.393022060394 0.997271358967 0.0 199806041600
0 42174.6303337 -0.549755036831 0.977066278458 42166.1231261 717.780398168 -449.772827509 42167.0768367 659.377913385 -449.772827222 -0.0176454819739 -0.0127709722146 0.999762773514 -0.549758195877 1.00209105015 0.0 199806041630
0 42175.3813751 -0.697068750858 0.97257322073 42165.6762614 714.511216537 -554.989438861 42166.490027 664.755342226 -554.989438462 -0.0176457110792 -0.012770684436 0.999762773514 -0.697076022625 1.01014268398 0.0 199806041700
0 42175.9607825 -0.832327246666 0.968283653259 42164.9410208 711.420673064 -650.612991722 42165.6351246 669.018088047 -650.612991255 -0.0176462456584 -0.0127703426406 0.999762773514 -0.832339167595 1.01659667492 0.0 199806041730
0 42176.3666021 -0.953250646591 0.964296400547 42164.0077883 708.573478854 -735.031022557 42164.5719904 674.164679277 -735.03102208 -0.0176465772092 -0.0127700446174 0.999762773514 -0.953268110752 1.02416622639 0.0 199806041800
0 42176.5991026 -1.05698812008 0.96070510149 42162.9810103 706.029853095 -806.26672269 42164.0944333 636.071107944 -806.266721535 -0.017646888271 -0.012769760564 0.999762713909 -1.05699253082 0.97288787365 0.0 199806041830
0 42176.666281 -1.14344108105 0.957482397556 42161.937456 703.760351853 -864.251066184 42162.8736008 645.242896739 -864.251065076 -0.01764697209 -0.012769442983 0.999762713909 -1.14345180988 0.985760331154 0.0 199806041900
0 42176.5721994 -1.21015107632 0.954657256603 42160.9716539 701.778120091 -907.314257945 42161.7421933 653.849034181 -907.314256933 -0.0176468491554 -0.0127690751106 0.999762713909 -1.21016800404 0.997785270214 0.0 199806041930
0 42176.3249836 -1.25598943233 0.952194094658 42160.1542123 700.049797721 -934.727873757 42160.739799 663.846763639 -934.727872924 -0.0176468119025 -0.012768689543 0.999762773514 -1.25601351261 1.01162421703 0.0 199806042000
0 42175.9370335 -1.28005194664 0.950048327446 42159.5401115 698.537319683 -945.985126135 42160.5746113 633.028627759 -945.985124529 -0.0176452323794 -0.0127675496042 0.999762773514 -1.2800617218 0.970039486885 0.0 199806042030
0 42175.4116646 -1.28227925301 0.948111116886 42159.1476748 697.157001815 -941.057133067 42159.9876519 644.361497009 -941.057131709 -0.017644783482 -0.01276675798 0.999762833118 -1.2822958231 0.985446870327 0.0 199806042100
0 42174.7606261 -1.26236879826 0.946313202381 42158.9851875 695.857060285 -919.883025508 42159.6323122 655.478747863 -919.883024436 -0.0176444929093 -0.0127659970894 0.999762833118 -1.26239192486 1.00062894821 0.0 199806042130
0 42173.9930602 -1.22066581249 0.944568634033 42159.0306962 694.575462782 -882.828588686 42159.4825579 666.584404655 -882.828587931 -0.0176446903497 -0.0127656785771 0.999762833118 -1.22069466114 1.01560163498 0.0 199806042200
0 42173.1248549 -1.15842020512 0.9428139925 42159.2378075 693.269024574 -830.966653057 42160.1207734 637.315324076 -830.966651547 -0.0176450926811 -0.0127656720579 0.999762833118 -1.15843439102 0.975690126419 0.0 199806042230
0 42172.152464 -1.07578873634 0.940964758396 42159.5469062 691.880956803 -764.427134563 42160.2322861 648.774370849 -764.427133416 -0.0176460817456 -0.0127670029178 0.999762773514 -1.07580780983 0.991004228592 0.0 199806042300
0 42171.0916905 -0.974568068981 0.938998520374 42159.8806632 690.401506129 -684.677000494 42160.3542817 660.846893351 -684.676999729 -0.0176462996751 -0.0127667197958 0.999762773514 -0.974591016769 1.00712430477 0.0 199806042330
0 42169.9532917 -0.856503129005 0.936909019947 42160.155507 688.833608102 -593.090637959 42160.404457 673.424189861 -593.090637577 -0.0176467075944 -0.0127671808004 0.999762773514 -0.856528580189 1.02379858494 0.0 199806050000
0 42168.7586566 -0.724688470364 0.934722900391 42160.2876145 687.194257782 -492.055836587 42160.9644762 644.330756665 -492.055835593 -0.017647055909 -0.0127681391314 0.999762773514 -0.724701941013 0.983757555485 0.0 199806050030
0 42167.5034996 -0.579462766647 0.932471871376 42160.2014142 685.545415528 -381.83188268 42160.6879317 654.941927269 -381.831882027 -0.0176472626626 -0.0127688730136 0.999762773514 -0.579476833344 0.997538208961 0.0 199806050100
0 42166.2111706 -0.424200415611 0.930278897285 42159.8310233 683.952786601 -264.99275994 42160.1073344 666.702993193 -264.99275961 -0.0176472961903 -0.0127697456628 0.999762713909 -0.42421361804 1.01279449463 0.0 199806050130
0 42164.899027 -0.261628687382 0.928229272366 42159.1305951 682.49443929 -143.592343675 42159.2037461 677.960681422 -143.592343599 -0.0176473408937 -0.0127701340243 0.999762713909 -0.26163905859 1.02726924419 0.0 199806050200
0 42163.5949405 -0.0957305729389 0.926454484463 42158.0856421 681.270179387 -20.5972132863 42158.5776013 650.114376013 -20.5972128542 -0.0176473334432 -0.0127704329789 0.999762713909 -0.095734603703 0.988518178463 0.0 199806050230
0 42162.3005177 0.072963654995 0.925056278706 42156.683563 680.355352095 103.597807043 42156.9941032 660.833277725 103.597807255 -0.017647113651 -0.0127709340304 0.999762713909 0.0729632750154 1.00209665298 0.0 199806050300
0 42161.0468934 0.240332782269 0.924173653126 42154.9596812 679.85049821 225.948509448 42155.1230521 669.643850661 225.948509527 -0.0176467653364 -0.0127714425325 0.999762713909 0.240337356925 1.01302278042 0.0 199806050330
0 42159.8555597 0.403599917889 0.923919379711 42152.9668948 679.834562592 344.42378944 42152.9588417 680.333710348 344.423789438 -0.017646426335 -0.0127718038857 0.999762713909 0.403610795736 1.02646458149 0.0 199806050400
0 42158.74968 0.559890687466 0.924386680126 42150.7826763 680.369781701 456.936887824 42150.6080109 691.106053501 456.936887813 -0.0176461096853 -0.0127720581368 0.999762713909 0.559908986092 1.04000413418 0.0 199806050430
0 42157.7590839 0.705425322056 0.925626575947 42148.5202166 681.485709013 560.777813706 42148.8708152 659.445390416 560.777813655 -0.0176457148045 -0.0127722565085 0.999762713909 0.705439150333 0.995878338814 0.0 199806050500
0 42156.889994 0.839937150478 0.927687823772 42146.2523017 683.208149834 655.757205144 42146.4591257 670.327996564 655.75720507 -0.0176454875618 -0.0127723142505 0.999762713909 0.839957118034 1.00961637497 0.0 199806050530
0 42156.1709924 0.959938526154 0.930553257465 42144.1111864 685.514321558 739.401900481 42144.1819467 681.15021534 739.40190044 -0.0176452845335 -0.0127723123878 0.999762713909 0.95996505022 1.0233386755 0.0 199806050600
0 42155.620433 1.0633585453 0.934171140194 42142.2111655 688.355603578 810.270783012 42142.1553713 691.762972219 810.270783053 -0.0176454335451 -0.0127721717581 0.999762713909 1.06339168549 1.03687357903 0.0 199806050630
0 42155.2526689 1.14843940735 0.938499510288 42140.6563958 691.691180066 867.16170403 42140.4552121 703.84137176 867.161704215 -0.0176448281854 -0.0127721633762 0.999762773514 1.14847970009 1.05251395702 0.0 199806050700
0 42155.0832026 1.2132371664 0.943268358707 42139.5498963 695.313544874 908.797790737 42139.9470438 670.812595325 908.797790293 -0.0176443830132 -0.012771983631 0.999762773514 1.21326112747 1.00697135925 0.0 199806050730
0 42155.1165257 1.25769746304 0.948444783688 42138.9425595 699.191325775 935.147450237 42139.2032433 683.299766104 935.147449907 -0.0176438968629 -0.0127717377618 0.999762773514 1.25772690773 1.02317631245 0.0 199806050800
0 42155.3588505 1.28042757511 0.953800082207 42138.8914609 703.15100477 945.349104144 42139.1009793 690.480664336 945.349103851 -0.0176440142095 -0.0127715971321 0.999762773514 1.28045988083 1.03292715549 0.0 199806050830