Lowerlim;Irrad_Wm-2micron-1
0.3;373
0.301;500
0.302;481
0.303;621
0.304;592
0.305;626
0.306;573
0.307;652
0.308;672
0.309;533
0.31;617
0.311;795
0.312;676
0.313;756
0.314;632
0.315;726
0.316;573
0.317;924
0.318;596
0.319;760
0.32;860
0.321;684
0.322;683
0.323;666
0.324;832
0.325;908
0.326;1049
0.327;996
0.328;924
0.329;1171
0.33;1056
0.331;1004
0.332;1064
0.333;968
0.334;1061
0.335;1060
0.336;826
0.337;912
0.338;953
0.339;1035
0.34;1096
0.341;966
0.342;1009
0.343;1101
0.344;842
0.345;1055
0.346;972
0.347;902
0.348;1157
0.349;878
0.35;1166
0.351;1049
0.352;963
0.353;1119
0.354;1208
0.355;1167
0.356;1038
0.357;911
0.358;659
0.359;1174
0.36;1070
0.361;1014
0.362;1184
0.363;966
0.364;1061
0.365;1332
0.366;1314
0.367;1256
0.368;1113
0.369;1305
0.37;1124
0.371;1391
0.372;941
0.373;841
0.374;928
0.375;1087
0.376;1074
0.377;1349
0.378;1463
0.379;996
0.38;1261
0.381;1130
0.382;709
0.383;662
0.384;955
0.385;927
0.386;967
0.387;867
0.388;887
0.389;1288
0.39;1263
0.391;1509
0.392;1045
0.393;402
0.394;1126
0.395;1399
0.396;784
0.397;940
0.398;1644
0.399;1670
0.4;1767
0.401;1741
0.402;1788
0.403;1722
0.404;1560
0.405;1733
0.406;1622
0.407;1570
0.408;1808
0.409;1845
0.41;1572
0.411;1912
0.412;1823
0.413;1734
0.414;1764
0.415;1785
0.416;1897
0.417;1671
0.418;1746
0.419;1643
0.42;1683
0.421;1753
0.422;1593
0.423;1658
0.424;1689
0.425;1660
0.426;1646
0.427;1476
0.428;1532
0.429;1341
0.43;949
0.431;1454
0.432;1570
0.433;1826
0.434;1552
0.435;1697
0.436;1878
0.437;1739
0.438;1564
0.439;1743
0.44;1687
0.441;1856
0.442;1955
0.443;1857
0.444;1923
0.445;1809
0.446;1881
0.447;2039
0.448;1979
0.449;1959
0.45;2196
0.451;2114
0.452;1977
0.453;1929
0.454;2025
0.455;2035
0.456;2129
0.457;2131
0.458;1965
0.459;2062
0.46;2045
0.461;2065
0.462;2072
0.463;1989
0.464;2087
0.465;2006
0.466;2045
0.467;2126
0.468;2049
0.469;2118
0.47;1994
0.471;2075
0.472;2104
0.473;2033
0.474;2090
0.475;2131
0.476;2050
0.477;2166
0.478;2108
0.479;2084
0.48;2060
0.481;2084
0.482;2134
0.483;2080
0.484;1991
0.485;1950
0.486;1633
0.487;1889
0.488;1989
0.489;1979
0.49;2064
0.491;1914
0.492;1900
0.493;1997
0.494;2055
0.495;2006
0.496;2052
0.497;2025
0.498;1834
0.499;2000
0.5;1803
0.501;1891
0.502;1891
0.503;1972
0.504;1881
0.505;1991
0.506;2026
0.507;1982
0.508;1860
0.509;2029
0.51;1922
0.511;2021
0.512;1898
0.513;1936
0.514;1793
0.515;1924
0.516;1727
0.517;1626
0.518;1624
0.519;1780
0.52;1851
0.521;1891
0.522;1864
0.523;1886
0.524;1967
0.525;1913
0.526;1692
0.527;1760
0.528;1937
0.529;1927
0.53;1967
0.531;1980
0.532;1824
0.533;1797
0.534;1850
0.535;1989
0.536;1919
0.537;1901
0.538;1926
0.539;1870
0.54;1789
0.541;1854
0.542;1930
0.543;1825
0.544;1925
0.545;1917
0.546;1924
0.547;1858
0.548;1891
0.549;1854
0.55;1880
0.551;1876
0.552;1884
0.553;1883
0.554;1926
0.555;1885
0.556;1855
0.557;1835
0.558;1821
0.559;1816
0.56;1859
0.561;1862
0.562;1851
0.563;1899
0.564;1886
0.565;1825
0.566;1776
0.567;1893
0.568;1844
0.569;1871
0.57;1825
0.571;1814
0.572;1917
0.573;1907
0.574;1883
0.575;1836
0.576;1867
0.577;1870
0.578;1805
0.579;1851
0.58;1854
0.581;1851
0.582;1891
0.583;1868
0.584;1862
0.585;1812
0.586;1808
0.587;1861
0.588;1818
0.589;1569
0.59;1825
0.591;1798
0.592;1818
0.593;1802
0.594;1824
0.595;1794
0.596;1825
0.597;1796
0.598;1797
0.599;1794
0.6;1774
0.601;1756
0.602;1747
0.603;1787
0.604;1806
0.605;1786
0.606;1767
0.607;1792
0.608;1743
0.609;1748
0.61;1705
0.611;1748
0.612;1692
0.613;1648
0.614;1677
0.615;1689
0.616;1607
0.617;1656
0.618;1728
0.619;1691
0.62;1723
0.621;1697
0.622;1687
0.623;1646
0.624;1616
0.625;1624
0.626;1664
0.627;1695
0.628;1688
0.629;1686
0.63;1650
0.631;1621
0.632;1645
0.633;1637
0.634;1641
0.635;1639
0.636;1612
0.637;1662
0.638;1647
0.639;1634
0.64;1610
0.641;1606
0.642;1613
0.643;1609
0.644;1614
0.645;1592
0.646;1578
0.647;1602
0.648;1617
0.649;1514
0.65;1586
0.651;1605
0.652;1596
0.653;1595
0.654;1563
0.655;1520
0.656;1229
0.657;1505
0.658;1573
0.659;1536
0.66;1578
0.661;1571
0.662;1579
0.663;1540
0.664;1543
0.665;1566
0.666;1525
0.667;1554
0.668;1550
0.669;1546
0.67;1541
0.671;1508
0.672;1524
0.673;1539
0.674;1523
0.675;1513
0.676;1518
0.677;1513
0.678;1508
0.679;1501
0.68;1496
0.681;1498
0.682;1498
0.683;1503
0.684;1466
0.685;1464
0.686;1464
0.687;1494
0.688;1469
0.689;1488
0.69;1478
0.691;1457
0.692;1458
0.693;1461
0.694;1452
0.695;1451
0.696;1452
0.697;1438
0.698;1437
0.699;1452
0.7;1411
0.701;1394
0.702;1408
0.703;1416
0.704;1427
0.705;1422
0.706;1410
0.707;1404
0.708;1402
0.709;1396
0.71;1414
0.711;1384
0.712;1382
0.713;1374
0.714;1373
0.715;1358
0.716;1351
0.717;1377
0.718;1329
0.719;1325
0.72;1345
0.721;1352
0.722;1331
0.723;1366
0.724;1354
0.725;1353
0.726;1341
0.727;1350
0.728;1319
0.729;1296
0.73;1330
0.731;1321
0.732;1311
0.733;1326
0.734;1337
0.735;1309
0.736;1311
0.737;1324
0.738;1287
0.739;1285
0.74;1287
0.741;1248
0.742;1265
0.743;1305
0.744;1265
0.745;1293
0.746;1286
0.747;1286
0.748;1284
0.749;1256
0.75;1282
0.751;1257
0.752;1263
0.753;1274
0.754;1279
0.755;1261
0.756;1256
0.757;1254
0.758;1240
0.759;1259
0.76;1247
0.761;1237
0.762;1228
0.763;1258
0.764;1255
0.765;1224
0.766;1162
0.767;1239
0.768;1231
0.769;1216
0.77;1220
0.771;1199
0.772;1197
0.773;1221
0.774;1189
0.775;1194
0.776;1217
0.777;1194
0.778;1213
0.779;1198
0.78;1194
0.781;1191
0.782;1197
0.783;1166
0.784;1192
0.785;1166
0.786;1187
0.787;1178
0.788;1174
0.789;1176
0.79;1172
0.791;1143
0.792;1155
0.793;1123
0.794;1110
0.795;1148
0.796;1152
0.797;1150
0.798;1150
0.799;1143
0.8;1127
0.801;1141
0.802;1131
0.803;1125
0.804;1115
0.805;1117
0.806;1133
0.807;1113
0.808;1105
0.809;1094
0.81;1107
0.811;1110
0.812;1110
0.813;1111
0.814;1107
0.815;1098
0.816;1096
0.817;1098
0.818;1063
0.819;1057
0.82;1064
0.821;1062
0.822;1063
0.823;1059
0.824;1071
0.825;1068
0.826;1077
0.827;1073
0.828;1076
0.829;1059
0.83;1049
0.831;1046
0.832;1041
0.833;1029
0.834;1032
0.835;1050
0.836;1040
0.837;1050
0.838;1023
0.839;1027
0.84;1039
0.841;1035
0.842;1020
0.843;1018
0.844;1013
0.845;1028
0.846;1014
0.847;1007
0.848;1022
0.849;965
0.85;938
0.851;983
0.852;998
0.853;964
0.854;719
0.855;972
0.856;1000
0.857;1002
0.858;979
0.859;983
0.86;985
0.861;972
0.862;984
0.863;988
0.864;987
0.865;953
0.866;744
0.867;932
0.868;949
0.869;941
0.87;967
0.871;954
0.872;970
0.873;954
0.874;949
0.875;926
0.876;956
0.877;948
0.878;959
0.879;934
0.88;918
0.881;927
0.882;926
0.883;942
0.884;932
0.885;942
0.886;884
0.887;924
0.888;933
0.889;931
0.89;938
0.891;928
0.892;909
0.893;919
0.894;904
0.895;921
0.896;919
0.897;909
0.898;915
0.899;908
0.9;887
0.901;843
0.902;880
0.903;904
0.904;910
0.905;905
0.906;879
0.907;894
0.908;874
0.909;855
0.91;881
0.911;866
0.912;880
0.913;891
0.914;875
0.915;876
0.916;874
0.917;861
0.918;871
0.919;869
0.92;856
0.921;831
0.922;832
0.923;812
0.924;840
0.925;831
0.926;833
0.927;856
0.928;853
0.929;839
0.93;848
0.931;844
0.932;841
0.933;844
0.934;842
0.935;831
0.936;829
0.937;834
0.938;833
0.939;826
0.94;811
0.941;778
0.942;819
0.943;808
0.944;803
0.945;812
0.946;813
0.947;817
0.948;816
0.949;816
0.95;809
0.951;809
0.952;808
0.953;798
0.954;762
0.955;775
0.956;798
0.957;787
0.958;800
0.959;798
0.96;783
0.961;796
0.962;779
0.963;781
0.964;782
0.965;773
0.966;775
0.967;775
0.968;780
0.969;777
0.97;774
0.971;777
0.972;776
0.973;766
0.974;759
0.975;772
0.976;760
0.977;767
0.978;757
0.979;760
0.98;759
0.981;764
0.982;760
0.983;755
0.984;756
0.985;756
0.986;749
0.987;749
0.988;750
0.989;738
0.99;742
0.991;742
0.992;747
0.993;744
0.994;744
0.995;740
0.996;740
0.997;740
0.998;737
0.999;733
1;734
1.001;735
1.002;731
1.003;722
1.004;706
1.005;678
1.006;715
1.007;723
1.008;720
1.009;722
1.01;719
1.011;718
1.012;714
1.013;717
1.014;707
1.015;708
1.016;702
1.017;709
1.018;697
1.019;694
1.02;701
1.021;694
1.022;697
1.023;702
1.024;699
1.025;699
1.026;696
1.027;696
1.028;694
1.029;687
1.03;689
1.031;688
1.032;685
1.033;677
1.034;674
1.035;681
1.036;682
1.037;668
1.038;677
1.039;672
1.04;673
1.041;676
1.042;668
1.043;670
1.044;671
1.045;659
1.046;658
1.047;662
1.048;665
1.049;663
1.05;661
1.051;660
1.052;659
1.053;652
1.054;657
1.055;657
1.056;655
1.057;653
1.058;632
1.059;647
1.06;634
1.061;644
1.062;643
1.063;640
1.064;646
1.065;642
1.066;626
1.067;639
1.068;617
1.069;604
1.07;630
1.071;630
1.072;623
1.073;617
1.074;623
1.075;611
1.076;627
1.077;625
1.078;610
1.079;617
1.08;619
1.081;599
1.082;595
1.083;601
1.084;611
1.085;617
1.086;602
1.087;587
1.088;597
1.089;601
1.09;607
1.091;600
1.092;598
1.093;570
1.094;558
1.095;582
1.096;579
1.097;583
1.098;570
1.099;590
1.1;589
1.101;578
1.102;576
1.103;586
1.104;583
1.105;583
1.106;581
1.107;579
1.108;579
1.109;579
1.11;579
1.111;574
1.112;571
1.113;569
1.114;575
1.115;569
1.116;572
1.117;572
1.118;566
1.119;561
1.12;561
1.121;566
1.122;568
1.123;567
1.124;562
1.125;544
1.126;558
1.127;557
1.128;557
1.129;548
1.13;553
1.131;554
1.132;554
1.133;544
1.134;553
1.135;550
1.136;553
1.137;543
1.138;539
1.139;541
1.14;534
1.141;539
1.142;538
1.143;542
1.144;535
1.145;541
1.146;545
1.147;542
1.148;539
1.149;538
1.15;537
1.151;536
1.152;532
1.153;536
1.154;536
1.155;532
1.156;532
1.157;532
1.158;530
1.159;515
1.16;519
1.161;510
1.162;525
1.163;521
1.164;516
1.165;518
1.166;516
1.167;519
1.168;518
1.169;508
1.17;519
1.171;519
1.172;517
1.173;517
1.174;512
1.175;497
1.176;511
1.177;505
1.178;501
1.179;511
1.18;509
1.181;505
1.182;496
1.183;487
1.184;500
1.185;504
1.186;502
1.187;502
1.188;479
1.189;487
1.19;499
1.191;501
1.192;498
1.193;498
1.194;497
1.195;490
1.196;492
1.197;477
1.198;473
1.199;471
1.2;491
1.201;491
1.202;487
1.203;465
1.204;483
1.205;485
1.206;486
1.207;484
1.208;455
1.209;475
1.21;470
1.211;476
1.212;480
1.213;479
1.214;480
1.215;479
1.216;479
1.217;477
1.218;475
1.219;473
1.22;475
1.221;473
1.222;471
1.223;470
1.224;471
1.225;470
1.226;467
1.227;458
1.228;467
1.229;467
1.23;465
1.231;463
1.232;461
1.233;463
1.234;460
1.235;460
1.236;462
1.237;461
1.238;459
1.239;453
1.24;456
1.241;456
1.242;451
1.243;448
1.244;453
1.245;453
1.246;450
1.247;450
1.248;452
1.249;451
1.25;449
1.251;445
1.252;443
1.253;446
1.254;445
1.255;444
1.256;442
1.257;442
1.258;440
1.259;442
1.26;441
1.261;437
1.262;438
1.263;438
1.264;434
1.265;435
1.266;435
1.267;431
1.268;428
1.269;433
1.27;434
1.271;433
1.272;432
1.273;430
1.274;428
1.275;430
1.276;429
1.277;428
1.278;426
1.279;422
1.28;416
1.281;389
1.282;376
1.283;407
1.284;415
1.285;417
1.286;419
1.287;419
1.288;417
1.289;416
1.29;412
1.291;415
1.292;417
1.293;413
1.294;414
1.295;415
1.296;415
1.297;411
1.298;411
1.299;413
1.3;411
